#Offered Load (mpps)	avg actual mpps sent	RTT Median (us)	RTT 99th perc.	Avg. CPU Load (cycles)	CPU Load StdDev (cycles)	Interrupts (kHz)
x	load_avg	rtt0	rtt1	rtt2	rtt3	rtt4	cycles_avg	cycles_stderr	rtt_nsamples	nsent	nrecvd	frecvd	irq_avg	irq_stderr	itr_avg	itr_stderr	cycles_per_pkt
0	0	0	0	0	0	0	0.0028499029875603665	0.0005847308809925397	0	0	0	0	0.1154931672390223	0.018683376187715678	nan	nan	0	
0.01953125	0.01953321904761904	5.081600000000001	10.060799999999999	10.432	10.8032	14.2848	0.07930199405416176	0.055403250735269485	195564	2056385	2253489	1.095849755760716	21.1598691989187	0.028479865166366712	nan	nan	13.397514241803002	
0.09765625	0.09765733018867932	4.416	7.4624	10.304	12.992	23.1296	0.252636468437145	0.002822942555337445	197554	10368198	10567295	1.0192026618318824	83.02924638756842	0.44395669213947414	nan	nan	8.536997112575406	
0.17578125	0.17578426415094345	4.3776	6.912	9.587200000000001	12.377600000000001	22.208	0.3460890675561923	0.0730820683350579	197563	18665100	18857327	1.010298739358482	86.58741748590619	1.4339867728623215	nan	nan	6.497134020794573	
0.25390625	0.2539083962264151	4.3904	6.8351999999999995	9.2416	11.904	22.6944	0.3908902201028417	0.03951170490109751	197232	26916246	27102522	1.0069205787463824	83.35822624156927	1.3707134633124567	nan	nan	5.080327179055216	
0.33203125	0.3320920188679245	4.4032	7.0912	9.7536	13.312	22.784	0.35648344394277354	0.0038596035884845893	197653	35284231	35469221	1.0052428519697651	68.9201321959065	1.5965762529939849	nan	nan	3.542377709110239	
0.41015625	0.41023490566037757	4.416	7.36	10.2912	14.272	23.180799999999998	0.394505362754483	0.029268079720133296	197598	43561448	43743504	1.0041792917443884	59.70463339763538	1.0601583908487036	nan	nan	3.1734688568104805	
0.48828125	0.4882739811320757	4.4416	7.5264	10.5472	14.297600000000001	22.8736	0.40568234689409577	0.02610162523859396	197480	51858009	52036411	1.0034402014932737	54.134174582255085	1.149589471702972	nan	nan	2.741804389508091	
0.56640625	0.5666277452830187	4.4544	8.0896	11.635200000000001	16.1408	22.8096	0.4065742126260466	0.0020813229547106955	197467	60128282	60299998	1.002855827478989	43.674033235011564	0.08039178169302566	nan	nan	2.3678595212378895	
0.64453125	0.6446564339622638	4.3392	7.4752	10.572799999999999	13.9776	22.4768	0.48250703158030195	0.03397827218224419	197766	68511457	68684566	1.0025267160790348	54.619899809439744	1.7054341004277846	nan	nan	2.4699562748926245	
0.72265625	0.722954188679246	4.352	7.616	10.8416	14.8992	31.936	0.49620718262883506	0.02248044750367571	197483	76823828	76993162	1.0022041859200248	49.11926037333121	1.123201020428445	nan	nan	2.264989577924225	
0.80078125	0.8012659433962269	4.3648	7.8208	11.1232	15.8336	39.308800000000005	0.5203556520627036	0.014893677580665874	197872	85196835	85362913	1.0019493447145074	45.68498488206727	1.4800812341831893	nan	nan	2.1430757989395506	
0.87890625	0.8790338867924535	4.300800000000001	6.912	9.523200000000001	12.172799999999999	22.76416000000015	0.5850455172966491	0.003923299371471972	197856	93457963	93621012	1.0017446239439223	60.07637185046439	0.07040062248983103	nan	nan	2.1963319458863855	
0.95703125	0.9571087735849066	4.3136	6.8608	9.4848	12.172799999999999	19.5456	0.6192654085683776	0.013626236843350726	197836	101756043	101955423	1.0019593922299042	56.55241341103373	0.1393624406584962	nan	nan	2.1351552766790696	
1.03515625	1.0356143018867912	4.352	6.9632	9.638399999999999	12.2624	16.48550399999991	0.6425865080859349	0.004099400341169837	197808	110079512	110235756	1.0014193740248412	53.31990526971073	0.04587880865288398	nan	nan	2.0476112321162137	
1.11328125	1.114066877358492	4.352	7.1552	9.792	12.556799999999999	25.20102399999984	0.6669039993470378	0.005384678846652531	197318	118151106	118349966	1.0016830989292644	47.91952405285891	0.02971577414208622	nan	nan	1.975449806984111	
1.19140625	1.1915971428571432	4.4416	8.0128	11.6736	17.5616	40.870400000000004	0.6758120432213709	0.014247003224222718	197109	126236805	126435456	1.001573637735841	33.587023795010786	0.9395154324564088	nan	nan	1.8715886958935861	
1.26953125	1.2702841320754716	4.48	8.192	12.0576	18.2784	46.0672	0.7050514403096714	0.010741399281955387	197529	134864477	134999601	1.001001924324372	30.94797596944606	0.5967651554648175	nan	nan	1.831613647901319	
1.34765625	1.3484057358490569	4.6464	10.2784	19.3792	35.6608	57.727999999999994	0.705244452710014	0.004996101440095283	198019	143513105	143656020	1.0009958324015078	17.351576944381158	0.5137740150873518	nan	nan	1.7259691442039145	
1.42578125	1.426876962264152	4.612352000000001	10.0096	16.5888	30.7456	46.5152	0.7436875247940284	0.000676555861698252	198035	151870085	152009512	1.0009180675707134	18.339990737933498	0.21676552783726832	nan	nan	1.719958270211362	
1.50390625	1.5041887452830178	4.7744	11.507200000000001	24.153599999999997	38.016	75.68409600000008	0.7607164462858674	0.000437078979673601	198007	160038585	160167872	1.000807848932181	10.288011273957085	0.10597576114212147	nan	nan	1.6689157398734755	
1.58203125	1.58223400943396	4.8128	13.606399999999999	27.6608	41.9456	124.26764800000005	0.791390536154447	0.0007241193848156083	198160	168491789	168624676	1.000788685316885	8.001325591328941	0.12824143763198015	nan	nan	1.6505704932002845	
1.66015625	1.6622056698113217	4.889600000000001	13.0688	26.7648	40.256	55.34719999999999	0.8266485703020982	0.0008172268930465876	198110	176930733	177056898	1.0007130756644749	7.057640436168813	0.05565063079971508	nan	nan	1.6411568866243698	
1.73828125	1.7384657169811304	4.8768	14.7712	31.769599999999997	48.076800000000006	140.66457599999978	0.8568654752880138	0.0014646713920813275	198559	185455392	185655497	1.0010789926237356	5.141060741652635	0.1544641326608539	nan	nan	1.6265239175154453	
1.81640625	1.8168030471698127	4.992	14.1184	35.5072	62.668800000000005	118.01599999999999	0.8905588905561084	0.0006003862340435438	198573	193844891	194045010	1.0010323666461758	3.9949035258435677	0.021177521746224125	nan	nan	1.6175910445621737	
1.89453125	1.8967519134615367	5.056	15.731200000000001	36.6656	55.859199999999994	118.10560000000001	0.9237935559733147	0.001169219084680616	195330	199028742	199225442	1.0009882994688275	2.5895715458443664	0.04405431351162447	nan	nan	1.6072311371224342	
1.97265625	1.974666219047622	4.672	7.2703999999999995	9.1392	11.456	66.15616000000014	0.976503096699569	0.0006198727039834279	196556	208616639	208732385	1.0005548263098996	6.542254107923682	0.037310220952161126	nan	nan	1.6319012236218657	
2.05078125	2.052500386792451	4.7616000000000005	6.144	7.424	8.6912	366.0771839999981	0.9993499312175221	6.816540201796117e-05	197483	218124680	218323705	1.0009124368686753	0.18181522336749006	0.033749253968769634	nan	nan	1.6067498911274514	
2.12890625	2.1294193113207553	2855.3343999999997	2859.4816	2861.4656	2863.5647999999997	2875.109504	0.9997081991279638	1.548579205328477e-07	35408	226227119	221060035	0.9771597497999345	0.0014374260739076382	0.00018665534340954977	nan	nan	1.5492660555783535	
2.20703125	2.2083989150943415	2862.784	2866.8927999999996	2868.7104	2870.6816	2876.861568	0.9997081341716144	8.247482824061149e-08	34920	234734046	220642130	0.9399664588919495	0.0012624331938468542	0.00015761105736820173	nan	nan	1.4938591122362486	
2.28515625	2.2851362735849077	2854.6432	2858.6112000000003	2860.48	2863.0656	2872.0896000000002	0.9997081463019116	9.742921071338324e-08	33585	242974807	221402523	0.9112159640484867	0.0014499239219709689	0.00024493578575620587	nan	nan	1.4436937179334164	
